newmain,8,-16,001C7393,0,1,1,4294967295,0,0
visualiser,336,16,00346553,0,1,1,4294967295,0,0
visualname,160,16,001DF991,0,1,1,4294967295,0,0
play_button,64,16,001EFDDF,0,1,1,4294967295,0,0
prev_button,0,16,001E95E2,0,1,1,4294967295,0,0
stopbutton,32,16,001A2A5C,0,1,1,4294967295,0,0
pause,96,16,0004F10C,0,1,1,4294967295,0,0
next_button,128,16,002FA922,0,1,1,4294967295,0,0
playrandombutton,128,48,00083EB4,0,1,1,4294967295,0,0
alwontopbutton,304,48,00042A49,0,1,1,4294967295,0,0
visualiserbutton,288,64,001B433A,0,1,1,4294967295,0,0
sortplaylist,304,64,000B49ED,0,1,1,4294967295,0,0
loopbutton,320,48,000D90BA,0,1,1,4294967295,0,0
addmusicbutton,288,48,003581F6,0,1,1,4294967295,0,0
volumebutton,0,48,001810B0,0,1,1,4294967295,0,0
savelistbutton,288,32,003DEF61,0,1,1,4294967295,0,0
loadlistbutton,312,32,002202EB,0,1,1,4294967295,0,0
settingsobj,288,16,00147375,0,1,1,4294967295,0,0
sliderbutton,160,48,0038C390,0,1,1,4294967295,0,0
MainMenu,0,0,00364800,0,1,1,4294967295,0,0
gui_button,456,0,0028675E,0,1,1,4294967295,0,1
gui_button,432,0,0037DCEA,0,1,1,4294967295,0,1
gui_button,408,0,0005D10D,0,1,1,4294967295,0,1
